100
1 48
2 61
3 89
4 21
5 69
6 58
7 34
8 19
9 26
11 24
12 17
13 22
14 51
15 59
17 51
19 45
20 55
22 47
23 82
24 64
25 90
26 30
27 46
28 53
29 34
30 69
31 60
32 33
33 82
34 100
35 54
36 50
37 57
38 39
40 82
41 93
42 96
43 50
45 46
47 72
48 96
1 16
2 50
3 22
4 14
5 83
6 85
8 12
9 82
11 46
13 19
14 30
15 84
16 19
17 83
18 85
19 75
20 22
23 66
24 100
25 58
26 79
27 97
29 50
30 93
33 94
37 38
38 86
39 40
41 94
46 57
1 57
2 74
3 97
4 65
5 39
6 48
7 74
8 70
9 45
10 91
11 71
12 89
13 71
14 88
15 34
16 24
17 71
18 62
19 62
21 54
22 33
24 42
27 60
28 62
29 94
30 61
31 54
32 50
33 86
34 51
35 66
36 77
37 50
38 40
39 46
40 94
41 82
45 56
46 68
48 78
49 81
1 89
2 85
3 34
4 21
5 86
6 76
7 26
8 50
9 87
10 39
11 95
12 47
13 93
14 97
15 85
16 95
17 62
18 61
19 44
20 53
22 90
23 35
24 73
25 75
26 91
27 80
28 42
30 57
33 94
35 79
37 83
38 57
40 70
41 95
43 68
49 64
1 29
2 88
3 21
4 18
5 74
6 46
7 44
8 16
9 25
10 86
11 34
12 34
13 60
14 92
15 27
16 67
17 70
18 57
20 78
21 40
22 23
23 25
24 65
25 42
26 63
27 39
28 46
29 48
31 61
32 76
33 65
34 82
35 45
36 91
37 79
38 88
48 52
1 56
2 29
3 61
4 78
5 53
6 26
7 71
8 68
9 16
10 16
11 67
12 41
13 29
14 42
15 57
17 38
18 47
19 40
20 77
21 53
22 42
23 54
24 43
25 30
26 89
27 73
28 43
29 43
30 76
31 65
32 98
33 56
38 50
40 69
41 65
42 94
44 45
45 87
48 76
49 64
1 45
2 52
3 68
4 87
5 57
6 11
7 16
8 46
9 83
11 40
13 74
14 90
15 65
16 51
18 25
19 52
20 65
21 52
23 82
24 97
25 81
27 83
28 98
29 32
30 58
32 76
33 62
34 81
37 91
38 81
41 91
42 55
44 64
46 51
49 75
1 18
2 28
3 27
4 90
5 61
6 23
7 70
8 38
9 58
10 20
11 21
12 15
13 85
14 49
15 28
16 65
17 62
18 46
19 56
20 43
22 32
23 85
24 66
26 48
27 61
28 68
30 72
31 42
32 83
33 99
35 72
37 95
38 93
39 48
40 52
41 64
42 69
44 48
46 98
49 95
1 20
2 24
3 6
4 51
5 8
6 24
7 20
8 56
9 84
10 87
11 21
12 55
13 81
16 100
17 26
19 46
21 63
22 97
23 82
24 83
25 67
26 81
27 99
28 64
29 93
30 80
32 64
35 67
37 38
38 86
41 73
44 53
45 92
46 85
48 69
49 99
1 50
2 39
3 13
4 98
5 72
6 47
7 64
8 52
9 97
10 79
11 97
12 77
13 40
14 60
15 80
16 55
17 26
18 90
19 44
21 60
23 36
24 49
25 45
26 40
27 41
28 29
29 43
30 61
31 79
32 92
33 99
34 44
35 90
36 70
37 90
39 74
40 87
42 70
43 63
46 94
47 81
48 55
1 25
2 18
3 94
4 41
5 53
6 43
7 37
8 92
9 35
10 17
11 34
12 95
13 96
14 78
15 94
16 39
17 19
19 28
20 75
21 88
22 66
23 62
24 57
25 28
26 89
27 38
28 73
29 69
30 92
32 45
35 38
37 43
38 74
40 77
41 43
42 89
43 72
45 66
49 83
1 7
2 11
3 71
4 73
5 72
6 79
7 52
8 12
9 16
10 25
11 33
12 59
13 32
14 77
15 19
16 84
17 66
18 31
19 27
20 92
21 34
23 34
25 26
27 40
28 94
29 50
30 76
31 77
32 56
33 86
34 99
35 80
38 84
40 45
42 53
43 55
44 91
45 81
46 74
47 74
48 99
1 52
2 90
3 90
4 7
5 75
6 64
7 32
8 97
10 78
11 46
12 78
13 54
14 53
17 85
18 24
19 32
20 68
21 96
22 28
23 27
24 100
25 35
27 80
29 42
30 78
31 63
32 94
34 52
35 100
36 93
38 83
39 89
40 70
41 60
42 86
43 47
44 65
47 68
48 75
49 89
1 52
2 42
3 84
4 79
5 68
6 35
7 65
8 36
9 14
10 72
11 77
12 44
13 87
14 22
16 38
17 21
20 56
21 95
22 26
24 33
26 32
28 37
29 99
30 97
33 38
34 60
36 57
37 94
38 97
39 44
40 60
42 72
43 55
45 94
46 68
47 96
48 66
1 100
2 21
3 73
4 77
5 88
8 19
9 27
10 37
11 69
12 23
13 14
14 71
16 25
17 55
18 20
19 71
20 51
21 63
22 82
23 71
24 86
25 36
26 77
27 31
28 55
29 73
30 97
31 81
33 69
34 53
35 53
37 57
38 53
42 47
45 69
49 91
1 53
2 25
3 5
4 34
5 96
6 90
7 21
8 24
9 21
10 75
11 48
12 69
14 24
15 37
16 59
17 76
18 45
19 67
20 80
21 22
22 53
25 61
27 88
28 32
32 60
33 87
34 78
35 45
36 82
37 68
38 65
39 57
42 57
44 46
46 96
47 56
48 59
49 92
1 75
2 38
3 66
4 27
5 9
6 85
7 40
8 34
9 73
10 71
11 93
12 34
13 45
15 20
16 22
17 48
18 53
19 41
21 62
22 32
25 91
26 100
27 49
28 39
31 82
32 81
33 96
34 47
35 60
37 84
38 99
39 90
42 82
44 65
48 85
1 31
2 97
3 78
4 15
5 51
6 47
8 50
9 47
10 43
11 56
13 25
14 89
15 100
16 23
17 48
20 98
21 45
22 65
24 78
26 35
28 70
30 100
31 86
32 55
33 48
36 98
37 62
39 99
40 61
42 54
43 65
1 76
2 38
3 16
4 41
5 56
6 93
7 98
8 42
10 67
11 66
12 59
14 72
16 71
17 93
18 55
19 33
20 70
21 53
22 45
23 89
26 33
27 100
30 40
31 96
32 78
33 78
36 85
37 56
38 67
40 63
42 43
43 73
44 89
45 66
46 78
47 59
49 84
1 43
2 79
3 36
4 87
5 68
6 93
7 48
8 52
9 44
10 72
11 54
12 84
13 20
14 83
16 82
17 53
18 49
19 37
21 26
22 51
26 92
27 85
28 52
30 95
31 87
32 45
33 73
35 83
36 40
37 67
39 91
41 54
42 96
43 45
45 79
1 95
2 49
3 34
4 97
5 52
6 53
7 72
8 95
9 90
10 75
11 97
12 84
13 62
14 93
16 35
17 27
18 100
20 57
21 42
22 63
23 62
24 38
25 59
26 86
27 68
29 43
30 98
32 37
33 98
35 86
37 66
38 57
39 96
42 44
43 90
44 92
46 50
47 79
1 79
2 71
3 90
4 93
5 84
6 27
8 69
9 94
10 23
11 63
12 43
13 50
14 52
15 41
16 63
17 37
18 94
19 81
20 45
21 89
22 87
23 75
24 85
25 29
27 72
28 78
29 97
30 86
31 78
33 56
34 67
35 72
36 91
37 46
38 75
40 91
41 97
42 74
43 86
44 98
47 61
1 93
2 57
3 59
4 79
5 83
6 43
7 59
8 53
9 15
10 88
12 100
13 65
14 28
16 84
17 51
18 98
19 29
20 25
21 61
22 71
24 34
25 56
28 33
29 30
30 74
34 62
35 53
36 64
37 56
38 63
41 51
43 74
45 96
47 98
49 82
1 78
2 70
3 42
4 49
5 42
6 75
7 56
8 12
9 36
10 89
11 93
13 91
14 67
15 90
17 19
18 54
20 81
21 22
22 85
23 31
24 38
25 58
26 98
27 86
28 90
29 47
30 31
31 72
33 53
36 94
37 40
38 80
39 57
40 75
42 50
44 63
48 86
1 29
2 18
3 51
4 14
5 49
6 41
7 23
8 98
9 26
10 65
11 44
13 36
14 20
15 60
16 100
17 44
19 91
20 76
23 95
25 53
26 57
27 30
28 29
29 75
30 67
32 55
33 85
36 85
37 53
38 43
39 82
42 77
43 90
44 94
45 97
48 92
49 58
1 36
2 67
3 72
4 53
5 14
6 86
7 57
8 22
9 68
10 85
11 48
12 34
13 47
15 18
16 60
17 22
19 64
21 35
22 94
23 74
24 64
25 35
27 60
28 35
29 64
31 93
32 99
34 64
38 59
39 56
40 68
41 95
43 54
45 58
49 77
1 64
2 47
3 11
4 9
5 72
6 74
7 43
8 91
9 85
10 30
11 54
12 40
13 22
15 61
16 37
18 47
19 37
20 64
21 54
22 57
26 51
27 66
28 32
30 97
33 95
34 71
35 79
37 96
43 72
47 60
48 73
49 78
1 48
2 88
3 31
4 56
5 98
6 40
7 17
8 100
9 57
11 55
13 60
14 73
15 51
16 30
17 51
18 69
19 78
20 24
21 28
23 26
24 41
25 81
28 64
30 33
31 41
32 60
35 67
38 84
39 69
40 71
41 84
45 47
46 78
48 97
1 2
2 73
3 25
4 63
5 50
6 17
7 43
8 51
9 25
10 58
11 62
12 57
13 50
14 73
15 28
16 72
17 40
18 97
19 38
20 23
21 65
23 58
24 39
25 86
26 100
27 85
28 63
29 76
30 33
31 60
34 85
35 91
36 55
38 85
39 57
40 77
41 42
43 85
44 91
48 82
1 52
2 56
3 73
4 11
5 13
6 11
7 96
8 64
9 95
10 11
11 40
12 27
13 70
14 20
15 84
18 90
19 59
20 47
21 46
22 35
23 89
26 31
27 57
28 32
29 97
30 90
31 40
32 48
33 45
34 64
36 57
39 73
43 98
47 95
48 93
1 53
2 40
3 19
4 87
5 80
6 34
7 58
8 62
9 42
10 41
11 59
12 32
13 32
14 58
15 76
16 95
17 68
18 85
19 20
20 73
21 57
22 91
23 40
25 41
26 28
28 73
30 47
31 95
32 74
33 86
37 98
41 63
42 88
44 94
45 46
46 98
48 65
1 60
2 37
3 90
5 28
6 61
7 43
8 55
9 63
10 67
11 29
13 61
15 46
16 26
17 66
19 23
20 88
21 43
23 50
24 83
25 36
26 95
27 80
28 86
29 35
30 44
32 47
34 61
36 59
38 43
39 65
40 83
41 61
42 93
45 47
46 88
47 99
48 64
49 53
1 73
2 51
3 96
4 87
5 52
6 30
7 22
8 47
10 59
11 33
13 78
14 79
15 35
16 90
17 31
18 45
20 25
22 45
23 86
24 54
25 87
26 59
27 100
29 57
30 63
31 79
33 66
37 55
38 89
41 47
42 100
44 76
47 65
48 61
1 27
2 85
3 9
4 71
5 70
6 62
7 9
8 28
9 13
10 87
11 84
12 27
13 66
14 65
15 92
16 43
17 31
18 61
19 50
20 71
21 27
22 64
24 26
25 34
26 45
27 56
28 37
29 62
31 37
32 88
33 52
34 45
40 70
43 96
46 88
48 83
49 100
1 65
2 54
3 26
4 81
5 23
6 52
7 14
8 67
9 59
11 28
12 26
13 38
14 67
15 77
16 34
17 76
18 98
19 91
20 46
21 51
22 60
24 87
25 56
26 75
27 39
28 95
29 90
31 94
32 55
33 74
36 96
38 100
40 80
41 53
42 94
45 61
46 82
47 76
48 88
1 67
2 33
3 81
4 78
5 86
6 19
7 85
8 60
9 57
10 79
12 30
13 72
14 56
16 91
17 42
18 51
20 93
21 65
22 44
23 45
24 58
25 48
26 87
27 70
28 29
29 63
30 58
32 81
33 42
34 92
36 80
37 63
38 95
40 71
41 73
43 100
44 45
45 47
46 55
47 87
1 50
2 32
3 21
4 93
5 77
6 30
7 41
8 63
9 52
10 21
11 77
13 32
16 76
17 19
18 81
19 38
20 65
21 72
23 37
24 63
25 60
26 33
29 71
30 49
31 70
33 81
34 90
35 65
37 71
38 57
41 78
42 100
43 82
44 61
45 60
46 84
1 25
2 94
3 39
4 85
5 31
7 44
8 15
9 11
10 57
11 86
13 26
14 58
15 43
16 67
17 22
18 51
19 37
20 79
21 26
24 77
25 92
27 36
30 66
31 43
33 59
34 81
36 41
37 82
38 59
40 44
41 67
42 93
43 55
46 97
49 100
1 99
2 53
3 25
4 9
5 12
7 100
8 32
9 88
10 79
11 39
12 53
13 73
14 22
15 64
17 90
18 56
19 39
20 100
21 63
22 82
23 67
25 88
28 37
29 72
30 83
31 36
33 35
36 99
37 64
38 81
39 82
40 51
41 59
42 72
43 56
44 83
45 93
47 88
48 82
1 26
2 82
3 89
4 7
5 100
6 95
7 95
8 9
9 55
10 83
11 32
12 37
13 18
14 53
15 23
16 81
17 34
18 21
19 44
22 94
23 25
24 25
29 95
30 51
31 45
32 72
34 85
35 78
39 92
40 85
42 75
44 75
46 96
48 61
1 50
2 27
3 70
4 96
6 94
7 96
8 63
9 63
10 67
12 14
13 63
14 80
15 97
16 99
18 80
19 29
20 33
21 23
22 66
23 90
24 97
25 38
28 33
30 37
34 70
35 72
39 80
44 99
46 91
47 97
49 70
1 78
2 12
3 92
4 43
5 53
6 89
7 80
8 21
9 64
10 65
11 96
12 100
13 65
14 72
15 67
16 86
17 43
18 84
19 100
22 81
23 50
24 55
26 100
28 66
29 49
30 53
31 35
34 79
37 67
38 51
39 41
40 82
42 88
45 59
46 100
48 53
49 83
1 68
2 65
3 50
4 48
5 14
7 23
8 66
9 30
10 88
11 14
12 34
13 22
14 39
16 100
18 72
20 60
22 100
23 27
24 51
25 33
26 57
28 32
30 61
31 66
32 92
33 78
35 39
36 43
37 72
38 61
41 48
43 86
47 73
1 43
2 32
3 73
4 42
5 10
6 23
7 26
8 18
9 32
11 42
12 44
13 74
14 33
15 21
16 41
17 24
18 64
20 36
21 71
22 64
23 84
24 44
25 49
26 57
27 54
28 86
29 81
31 47
36 70
37 41
38 41
39 87
42 81
43 68
45 65
47 67
48 88
1 79
2 24
3 26
4 42
5 59
6 69
7 43
8 67
9 74
10 80
11 47
12 51
13 26
14 70
16 96
17 85
18 32
19 37
20 78
23 78
24 51
25 79
30 55
31 73
32 53
34 98
35 94
36 88
38 88
40 44
42 52
43 46
44 97
45 73
47 93
1 81
2 39
3 10
4 92
5 68
6 60
7 23
8 24
9 27
10 93
11 46
12 81
13 65
14 98
17 43
18 49
19 84
20 83
21 54
22 27
24 57
26 98
27 82
28 33
29 42
30 91
31 72
33 81
34 82
35 66
36 48
37 41
38 88
39 71
40 67
41 80
42 68
43 99
44 96
48 60
1 94
2 42
3 13
4 72
5 95
6 70
7 48
8 92
10 80
11 86
12 93
15 25
16 85
17 72
18 72
19 77
21 95
22 96
23 90
25 94
26 86
27 31
28 54
29 47
30 90
31 61
32 92
33 83
34 74
37 95
38 63
40 97
41 43
44 46
45 64
46 65
47 82
48 87
49 88
1 58
2 98
3 34
4 53
5 87
6 48
7 47
8 24
9 78
10 52
11 71
12 19
15 53
16 37
17 29
18 81
19 31
20 92
21 52
22 79
23 86
26 83
27 72
28 35
29 64
32 73
34 56
36 46
41 75
42 43
45 57
46 54
47 75
48 85
1 57
2 76
3 38
4 88
5 13
6 46
8 95
9 69
10 41
11 58
12 78
13 15
14 31
15 37
16 22
18 82
19 77
20 31
23 57
24 45
26 46
29 72
30 37
32 81
34 38
35 68
36 77
37 83
38 73
39 72
40 51
41 65
42 81
43 80
47 53
48 70
49 97
1 29
2 52
3 51
4 88
5 8
6 47
7 49
9 99
10 64
11 77
12 35
13 64
14 57
15 99
17 24
18 76
19 35
20 49
21 47
22 37
23 65
24 27
26 96
27 90
28 32
29 48
30 59
31 80
34 82
35 67
36 70
39 75
43 61
44 94
49 86
1 80
2 36
3 32
4 16
5 100
6 11
7 31
8 47
9 100
10 14
11 46
13 46
14 73
15 72
16 27
17 40
18 42
19 55
21 68
22 32
23 37
25 44
26 30
27 35
28 55
31 40
33 57
35 73
37 86
38 55
39 55
40 85
41 69
42 100
43 46
44 66
47 92
48 64
49 59
1 98
2 22
3 78
4 82
5 58
7 25
8 39
9 35
10 31
11 65
12 56
13 23
14 22
15 64
16 46
17 94
18 71
19 83
20 48
21 77
22 67
23 68
24 77
25 64
26 85
28 81
29 77
31 91
33 89
34 69
36 46
38 84
39 84
41 66
42 100
44 88
46 77
47 85
49 99
1 67
2 13
3 76
4 85
5 33
7 49
8 17
9 56
10 81
11 45
12 23
13 72
14 71
16 92
17 29
18 56
19 64
20 64
21 91
22 70
23 30
24 90
25 83
26 69
29 54
30 75
31 61
32 72
33 39
34 36
35 57
36 71
37 91
38 57
39 88
40 98
45 54
46 82
47 51
48 83
49 89
1 14
2 98
3 79
4 35
5 79
6 20
7 17
8 48
9 81
10 79
12 55
13 40
14 72
15 46
16 27
17 80
20 36
21 55
22 67
23 73
24 87
25 87
26 32
27 92
29 35
32 48
34 39
37 59
38 51
39 49
41 82
43 46
46 91
49 58
1 16
2 92
3 13
4 83
5 64
6 51
7 21
8 47
9 42
10 40
11 81
12 68
13 100
14 81
15 91
16 39
18 44
19 97
21 45
22 87
23 98
24 97
25 84
26 70
30 77
31 84
32 84
33 68
34 48
36 83
37 98
42 62
43 58
45 94
46 100
47 67
48 60
1 15
2 28
3 40
4 54
5 26
6 36
7 89
8 47
10 15
11 15
12 85
13 50
14 99
16 49
18 86
19 46
21 66
22 36
23 35
24 79
25 94
26 63
27 72
28 93
29 82
30 83
31 88
32 48
36 88
38 90
41 56
42 49
43 59
45 47
46 62
49 99
1 50
2 19
3 16
4 37
5 53
6 95
7 30
8 68
9 18
10 75
13 14
14 48
15 63
16 41
17 49
18 50
20 90
21 83
22 81
23 45
24 83
25 39
27 29
28 52
30 95
35 42
40 81
41 98
43 81
1 9
2 25
3 26
4 41
5 21
6 9
7 79
8 73
9 89
10 82
11 29
12 83
13 83
14 34
15 48
16 100
17 28
19 62
20 51
22 42
23 100
24 41
25 74
27 28
28 68
29 65
30 64
33 40
34 89
35 66
36 61
37 97
38 96
39 85
41 78
43 72
45 99
46 71
47 63
1 25
2 76
3 43
4 18
5 75
6 35
7 92
8 37
9 62
10 59
12 25
13 22
14 77
15 65
17 42
18 77
19 58
20 90
21 61
22 94
24 74
26 30
27 73
28 39
29 93
30 50
31 77
32 69
33 78
35 86
37 53
39 40
40 67
41 88
42 92
43 91
45 69
47 70
48 62
1 27
2 51
3 96
4 72
5 69
6 21
7 89
8 51
9 45
10 27
11 95
12 95
13 56
14 63
15 72
16 74
17 100
18 75
19 79
20 29
21 67
22 45
23 68
24 58
25 87
26 28
27 78
28 94
29 97
30 40
33 42
34 75
35 94
37 96
44 68
45 69
46 57
1 19
2 100
3 98
4 15
5 67
6 7
8 46
9 37
10 95
11 42
12 76
13 74
14 16
15 69
18 31
19 96
20 95
21 43
22 87
24 49
25 73
26 74
27 69
28 29
29 67
30 41
32 37
33 40
34 61
35 52
37 68
38 53
39 52
41 99
42 46
45 61
46 51
49 82
1 19
2 17
3 76
4 58
5 75
6 25
7 30
9 45
11 67
12 85
13 22
15 25
16 82
18 83
20 58
21 86
22 56
23 56
24 83
25 38
26 80
27 44
28 89
29 55
31 70
32 74
33 85
34 97
36 60
39 60
42 78
43 54
46 78
47 76
1 76
2 95
3 50
4 32
6 32
7 21
8 34
9 27
11 88
12 44
13 30
15 80
16 27
17 95
18 39
19 99
21 50
23 79
24 27
25 70
27 59
28 99
29 47
30 48
31 63
32 75
33 42
35 58
36 96
37 95
38 78
39 81
40 74
41 87
42 69
43 69
46 48
47 94
49 87
1 93
2 85
3 88
4 60
5 63
6 67
7 29
8 35
9 25
10 80
11 33
12 24
13 42
15 65
17 64
19 51
20 42
21 93
22 24
23 28
25 92
26 95
27 98
28 92
29 89
30 77
31 78
32 33
33 61
35 92
36 76
37 83
39 62
40 59
41 52
42 94
43 82
44 45
46 99
48 64
1 51
2 57
3 55
4 27
5 84
6 20
7 70
8 31
9 17
10 61
11 71
12 93
13 90
17 94
18 32
19 41
20 66
21 45
22 100
24 39
25 33
27 91
28 31
31 93
33 63
34 100
35 42
36 98
40 87
42 98
45 100
47 71
48 94
1 12
2 11
3 63
4 11
5 28
6 53
7 43
8 40
9 43
10 26
13 18
14 20
15 63
16 17
17 61
18 60
19 87
20 23
21 40
22 73
23 46
24 37
27 89
28 90
29 81
30 34
32 92
33 44
37 75
38 97
40 69
43 69
44 91
48 50
1 46
2 24
3 82
4 19
5 70
6 70
7 21
8 80
9 58
10 62
11 60
12 43
13 69
15 87
16 43
17 57
18 61
20 53
21 75
22 37
23 26
24 45
27 34
28 88
29 76
30 83
32 73
33 59
34 63
35 91
37 85
38 64
39 59
40 42
42 70
44 46
45 73
47 88
1 56
2 34
3 62
4 92
5 12
7 49
8 80
9 40
10 37
11 55
12 74
13 18
14 27
15 32
16 33
17 70
20 33
24 43
25 46
26 54
27 67
29 93
30 48
31 55
32 100
33 82
35 44
36 93
37 73
38 92
39 72
42 78
44 98
45 56
49 84
