100
1 71
2 84
3 88
4 19
5 50
6 34
7 78
8 11
9 66
10 31
11 66
12 86
14 89
15 75
16 77
17 66
18 82
19 66
21 61
22 70
23 61
26 40
28 91
29 54
30 46
32 76
33 81
34 100
35 47
37 85
38 76
39 93
40 50
42 59
45 99
46 62
49 95
1 11
2 81
3 56
4 32
5 41
6 12
7 8
8 80
9 23
10 98
11 33
12 20
14 61
16 61
18 83
19 45
20 82
21 75
22 46
23 39
24 33
25 33
27 84
28 46
29 52
30 51
31 41
34 48
35 97
36 72
37 59
39 51
41 53
43 53
45 96
46 53
47 74
48 54
1 70
2 87
3 10
4 15
5 77
6 94
7 100
8 83
9 29
10 45
11 34
12 80
13 37
14 99
16 36
17 95
18 81
19 47
20 50
21 84
22 80
25 84
26 67
27 66
28 37
29 40
30 71
32 61
34 84
36 85
37 78
39 67
40 58
42 53
44 60
46 47
47 95
48 98
49 79
1 41
2 99
3 62
4 20
5 53
6 32
8 19
9 97
10 92
12 19
13 14
14 71
15 27
16 50
17 50
19 79
20 76
21 30
22 36
23 99
24 82
25 73
27 84
28 71
30 33
32 45
33 84
34 63
37 94
38 71
39 54
40 43
42 64
44 80
45 87
1 7
2 64
3 31
4 42
5 62
6 64
7 66
8 23
9 100
10 88
11 26
12 32
13 89
14 22
17 90
18 50
19 96
20 60
21 56
22 90
23 26
24 71
27 57
28 94
29 85
30 93
31 95
32 91
33 56
34 78
35 84
36 69
37 41
39 91
41 89
42 68
44 77
45 90
46 90
47 79
48 79
49 92
1 27
2 90
3 47
4 68
5 15
6 17
7 22
8 71
9 26
10 67
11 55
12 70
13 14
14 97
15 77
16 91
17 33
18 97
19 83
20 34
21 87
22 75
23 74
25 50
26 51
27 95
28 39
29 81
32 59
33 67
35 79
36 81
37 97
38 52
43 91
46 67
47 74
49 63
1 8
2 24
4 82
5 97
6 58
7 31
8 99
10 70
11 80
12 29
13 51
14 90
15 95
16 79
17 20
18 28
19 27
20 72
21 83
22 48
23 42
24 92
25 90
26 73
27 98
29 98
30 88
31 70
35 39
37 79
38 69
40 83
41 90
43 64
44 93
45 79
48 98
49 89
1 49
2 21
3 71
4 48
5 62
6 63
7 37
8 86
9 12
10 96
11 83
12 100
13 17
14 40
15 62
16 38
17 78
18 69
19 68
20 98
21 27
23 88
24 63
25 66
26 32
27 93
29 54
30 43
33 63
34 86
36 77
37 100
39 62
40 64
41 84
42 97
44 100
45 88
46 76
48 65
49 97
1 56
2 62
3 23
4 58
6 37
7 23
8 32
9 82
10 50
11 37
12 24
13 17
14 90
15 38
16 54
17 90
19 54
20 78
21 28
23 61
25 83
26 60
28 58
29 96
33 40
34 80
35 61
36 41
37 69
40 50
43 73
44 53
48 92
1 11
2 69
3 51
4 79
5 30
6 26
7 61
8 41
9 88
10 71
11 89
12 14
13 76
14 92
15 53
16 56
17 52
18 45
19 24
20 87
22 73
23 75
24 33
25 97
26 27
27 86
28 58
29 85
30 77
31 33
32 95
33 98
34 83
35 74
36 79
37 60
40 47
41 56
45 98
49 61
1 14
2 40
3 33
4 38
5 15
6 17
7 34
8 41
10 91
11 25
12 31
13 24
14 72
15 28
16 58
17 45
18 58
19 70
20 30
21 77
22 68
23 38
24 83
25 80
26 69
27 33
28 96
29 59
30 34
32 72
33 73
34 41
36 87
37 57
38 94
39 80
41 84
42 56
44 59
47 69
49 79
1 90
2 5
3 55
4 57
5 42
6 89
7 88
8 62
9 73
10 83
11 20
13 43
14 43
15 31
16 83
17 51
18 69
19 91
20 44
21 48
22 54
23 79
24 56
25 95
26 90
27 34
28 67
30 57
31 45
32 99
34 51
37 40
38 95
39 67
40 64
43 70
44 71
45 80
46 52
47 53
48 82
1 96
2 77
3 20
4 49
5 7
6 75
7 95
8 96
10 61
11 57
12 16
13 58
15 28
18 33
19 99
20 60
21 51
22 63
23 88
24 88
25 84
26 59
28 35
29 63
30 100
31 54
34 73
37 99
39 82
42 91
43 74
44 74
45 97
48 62
49 86
1 32
2 73
3 89
4 46
5 61
6 76
7 29
8 71
9 47
10 15
11 85
12 98
13 20
14 95
15 26
16 45
18 60
19 43
20 60
21 93
23 76
24 83
25 75
27 32
29 85
30 93
31 65
33 66
34 53
36 78
37 81
38 93
39 48
42 84
45 78
47 71
49 60
1 65
2 93
3 5
4 66
5 20
6 87
7 92
8 20
9 18
10 19
12 63
13 35
14 72
15 80
16 88
17 36
18 57
19 68
20 29
21 56
22 46
23 35
24 39
25 69
29 83
30 50
31 81
32 100
33 94
34 37
35 65
38 56
39 84
40 93
42 87
43 55
47 99
48 98
1 18
2 26
3 97
4 15
5 12
6 88
7 36
8 25
10 57
11 59
13 37
14 58
15 98
16 26
17 74
18 62
20 81
21 45
22 93
23 58
24 83
25 100
26 70
27 45
28 85
30 42
32 38
33 67
34 75
35 52
37 62
38 87
41 43
43 73
48 100
49 83
1 9
2 80
3 27
5 90
6 62
7 52
8 59
10 37
11 78
12 99
13 15
14 67
15 17
16 89
17 71
18 46
21 52
25 92
26 87
27 45
29 95
30 44
31 48
33 76
35 55
36 65
37 87
40 44
41 95
42 52
46 58
47 49
48 89
1 51
2 97
3 7
4 22
5 100
6 26
7 65
8 86
9 70
10 29
11 80
12 66
13 76
14 34
15 93
17 89
19 40
20 47
21 31
22 84
23 41
24 34
26 49
27 52
28 35
29 49
30 92
31 38
32 52
33 41
34 96
35 73
36 40
37 73
38 89
39 78
40 94
44 93
48 83
1 85
2 29
3 93
4 68
5 69
6 27
7 45
8 69
9 30
10 79
11 69
12 22
13 68
14 20
15 62
16 63
17 44
18 53
19 87
20 32
21 82
22 80
23 49
24 91
25 91
26 41
27 85
28 45
29 86
31 56
33 47
34 100
35 90
36 67
37 78
39 87
42 55
43 81
44 79
45 75
47 93
1 79
3 28
4 10
5 50
6 70
7 52
8 42
10 97
11 79
12 76
14 100
15 22
16 55
17 89
18 40
19 33
20 74
21 26
22 40
23 37
24 80
26 67
30 76
31 58
32 41
33 77
34 37
35 51
37 58
38 54
39 67
42 97
43 90
45 96
47 60
1 44
2 10
3 27
4 83
5 99
6 59
7 54
8 65
9 16
10 66
11 76
12 91
13 75
14 68
15 67
16 64
17 18
18 92
19 21
20 24
22 36
23 25
26 30
28 88
29 41
30 90
31 89
32 84
33 99
34 68
36 49
37 78
38 71
40 93
41 88
43 84
44 62
46 50
48 78
49 94
1 98
3 55
4 33
5 25
6 61
7 9
9 14
10 48
11 98
13 37
14 33
15 53
16 56
19 85
20 24
21 67
22 77
24 59
28 62
29 49
30 95
32 98
33 47
34 61
35 82
37 73
38 91
39 81
40 86
46 93
1 17
2 40
3 64
4 94
5 51
6 22
7 57
8 75
9 39
10 18
11 75
12 86
13 76
14 25
15 84
16 37
18 59
19 61
20 48
21 40
22 47
23 86
25 38
26 63
27 36
28 30
29 96
30 52
32 64
33 92
34 90
36 94
37 63
38 66
40 54
42 94
46 74
47 99
48 76
1 59
2 23
3 24
4 57
5 8
6 45
7 95
8 23
9 80
10 76
11 70
12 32
14 33
15 75
16 44
17 42
18 68
21 87
22 60
23 41
24 32
25 50
28 75
30 77
33 99
35 68
36 59
37 74
38 62
39 81
41 90
46 63
47 87
1 45
2 33
3 68
4 56
5 26
6 99
7 57
8 28
9 52
10 32
11 81
12 28
13 38
14 92
15 27
16 20
17 59
18 85
19 45
20 73
22 50
23 62
25 38
28 100
29 43
31 81
32 40
34 48
35 95
36 91
37 99
38 52
39 71
41 83
42 51
44 72
45 94
47 91
48 52
49 92
1 88
2 76
3 60
4 37
5 89
6 29
7 27
8 45
9 31
10 26
11 88
12 60
13 59
14 27
15 26
16 58
17 73
20 24
21 86
23 58
24 88
25 39
26 82
27 81
28 46
30 85
31 89
33 60
34 48
35 100
37 76
39 45
44 61
46 95
48 83
1 26
2 58
3 48
4 35
5 68
6 35
7 25
8 49
9 16
10 70
11 72
12 52
14 83
16 57
17 34
19 84
20 59
21 56
22 42
24 39
26 74
27 49
29 44
30 83
31 66
33 40
37 48
38 84
42 79
43 66
49 91
1 7
2 56
3 98
4 100
5 68
6 88
7 10
8 93
9 88
10 66
11 88
12 70
13 32
14 61
15 62
16 44
17 68
18 68
19 43
21 75
22 57
25 74
29 46
31 44
33 69
34 41
37 80
38 65
39 81
40 68
42 68
44 62
45 80
46 98
1 48
2 50
3 44
4 56
5 57
6 48
7 30
8 31
9 16
10 83
11 76
12 29
13 78
14 80
15 97
16 70
17 35
18 84
19 49
20 99
23 29
24 36
25 53
26 90
29 47
32 94
34 62
37 61
38 82
39 54
41 64
42 81
43 56
1 11
2 45
3 55
4 26
5 25
6 42
7 78
8 67
9 57
10 80
11 13
12 70
13 50
14 58
15 36
16 64
17 58
18 58
19 24
20 40
22 52
23 55
24 92
25 59
26 48
27 55
31 54
33 97
34 60
35 45
38 74
39 87
42 51
44 55
46 66
1 93
2 9
3 86
4 96
5 63
6 29
8 62
9 83
10 21
11 71
12 83
13 74
14 89
15 79
16 85
17 85
18 52
19 38
20 59
21 90
22 47
24 41
25 77
26 69
27 100
28 42
29 38
33 77
35 78
36 40
38 84
39 53
43 47
45 64
47 66
1 3
2 58
3 18
4 50
5 73
6 10
7 78
8 93
9 61
10 72
11 31
12 30
13 88
16 41
17 42
18 97
19 70
20 26
21 50
22 33
23 81
24 72
25 79
26 62
27 35
28 56
30 35
31 83
32 81
33 44
34 52
35 82
36 68
38 60
39 61
40 74
41 83
42 43
47 62
1 83
2 73
3 54
4 15
5 6
6 77
7 94
8 67
9 64
10 49
11 45
12 50
13 83
14 25
15 93
16 87
19 99
21 25
22 72
23 100
24 67
25 74
27 73
28 34
29 34
31 90
33 45
34 95
36 50
37 71
38 75
39 68
44 58
45 88
48 94
49 92
1 42
2 11
3 16
4 66
5 62
6 82
7 91
8 34
10 76
11 67
12 25
13 65
14 82
15 21
16 59
17 64
18 70
19 30
20 38
21 89
24 100
25 50
26 70
27 40
28 29
29 65
30 33
32 58
33 96
34 87
37 68
38 66
39 43
43 49
47 64
49 91
1 45
2 95
3 32
4 12
5 7
6 83
7 61
8 28
9 22
10 41
11 92
14 50
16 98
17 72
18 62
20 89
22 41
23 30
24 65
25 89
26 35
28 62
29 50
30 64
31 53
32 95
33 58
34 36
35 58
39 44
43 46
45 85
46 99
47 70
49 60
1 86
2 97
3 16
4 26
5 26
6 80
7 66
8 12
9 38
10 28
11 61
13 32
16 67
17 64
18 26
19 84
20 33
21 70
22 75
23 94
24 57
25 72
26 66
27 41
28 70
29 35
30 100
31 82
33 48
34 97
35 45
37 76
42 49
43 65
44 69
46 74
47 87
49 100
1 70
2 7
3 21
4 45
6 77
7 16
8 66
9 69
10 38
12 20
13 19
14 72
15 68
18 44
19 42
20 79
21 32
23 68
24 32
25 70
26 88
27 38
28 43
29 74
31 94
32 43
34 66
35 39
36 71
37 42
39 88
40 62
41 96
43 82
47 80
48 80
49 96
1 73
2 10
3 27
4 78
5 77
6 58
7 47
8 64
9 48
10 41
11 37
13 87
14 31
15 81
16 52
17 22
18 51
19 46
20 80
21 91
22 59
23 75
24 30
25 92
26 40
27 93
28 92
29 71
30 72
31 40
32 43
33 81
34 66
35 72
36 57
37 76
38 70
39 72
40 75
42 60
43 85
44 96
45 91
46 66
47 100
48 64
49 68
1 45
2 43
3 58
5 17
6 88
7 95
9 80
10 38
11 78
13 77
14 72
15 84
16 95
17 43
18 93
19 70
22 96
23 73
24 76
25 80
28 97
30 81
31 65
33 75
35 70
36 43
39 50
40 41
42 79
43 44
45 50
46 79
1 49
2 7
3 39
4 96
5 31
6 14
7 76
8 51
9 83
10 72
11 22
12 63
13 36
14 89
15 37
17 59
18 79
19 70
20 26
21 80
23 83
24 58
27 59
28 84
29 96
30 54
32 97
33 60
34 96
35 92
36 42
37 61
39 93
40 43
41 91
42 66
43 57
44 78
45 55
48 65
49 75
1 9
2 90
3 54
4 70
5 25
6 63
7 75
8 41
9 73
11 88
12 26
13 67
14 84
15 37
16 63
17 76
18 79
19 75
20 94
21 23
23 36
24 88
25 26
26 66
27 94
28 71
30 58
31 45
32 64
33 100
34 51
37 65
38 60
41 69
45 87
46 52
47 49
49 82
1 24
2 59
3 4
4 93
5 95
6 43
7 18
8 12
9 37
10 88
11 67
12 94
13 85
14 31
15 45
16 87
18 68
20 75
21 83
22 40
23 43
24 86
25 55
26 29
28 58
29 78
30 37
31 39
32 53
33 95
34 94
35 45
36 41
38 62
42 71
47 76
49 82
1 78
2 90
3 16
4 70
5 84
6 53
7 24
8 12
9 76
10 33
11 41
12 64
13 71
14 93
15 59
17 89
18 51
20 51
21 55
22 27
24 25
25 96
26 41
27 77
29 68
30 44
31 42
32 45
33 85
34 58
36 68
38 89
45 68
47 58
48 57
1 61
2 59
3 20
4 87
5 14
6 44
7 82
8 54
9 72
10 42
11 21
12 15
13 84
14 17
15 51
16 41
17 31
21 100
22 91
23 92
25 92
26 34
27 43
28 54
29 44
30 99
34 38
35 42
38 75
42 99
43 70
44 99
47 91
48 97
49 89
1 45
2 68
3 41
4 35
5 59
6 15
7 78
8 92
9 57
10 84
11 35
14 90
16 40
17 83
18 88
19 72
20 57
22 28
23 73
25 97
27 79
28 69
29 66
30 75
33 42
35 44
36 52
39 44
43 83
45 72
46 49
47 97
48 54
1 69
2 63
4 96
5 87
6 66
7 44
8 9
9 44
10 64
11 74
12 70
13 25
14 83
15 64
16 25
17 79
19 92
20 52
22 68
23 56
24 92
25 50
27 63
28 98
30 68
31 86
34 40
35 77
38 72
39 77
40 100
43 69
44 60
46 84
49 51
1 80
2 66
3 60
4 47
5 73
7 96
8 37
9 65
10 45
11 98
12 85
13 83
14 27
15 66
16 22
17 55
18 34
19 26
20 27
22 77
23 62
24 63
25 45
26 73
27 99
28 81
30 65
32 87
33 82
34 42
35 85
36 54
37 45
39 43
40 61
43 45
47 84
48 73
1 61
2 99
3 5
4 37
5 60
6 67
7 33
8 84
9 66
10 13
11 44
12 30
13 43
14 30
16 85
17 67
19 81
20 98
21 59
22 41
23 26
24 51
25 86
26 88
27 69
28 48
29 71
30 41
31 43
33 40
34 47
35 67
36 51
38 100
41 64
42 78
44 59
45 59
46 75
47 95
1 75
2 75
3 54
4 15
5 100
7 52
8 88
9 72
10 99
12 64
13 93
14 41
16 39
17 59
18 54
21 40
22 85
23 74
25 96
26 32
29 78
31 65
32 52
33 78
36 77
37 73
38 70
40 44
45 66
46 62
47 51
48 76
49 67
1 6
2 86
3 6
4 91
5 11
6 74
7 38
8 42
9 100
10 60
11 71
13 76
14 22
15 80
16 45
17 39
20 60
21 24
23 80
25 70
26 92
28 31
29 94
30 94
31 97
32 52
33 79
34 54
35 42
36 41
39 82
40 79
41 42
46 65
49 73
1 81
2 75
3 48
4 92
5 6
6 49
7 62
8 49
9 66
10 44
11 42
13 93
14 45
15 41
16 46
17 38
18 81
19 25
20 69
22 55
25 87
26 79
27 41
28 51
29 43
31 75
33 34
36 39
37 71
39 87
40 88
42 80
43 99
47 61
48 62
1 37
2 82
3 33
4 91
5 44
7 78
8 22
9 42
10 80
11 16
13 55
14 39
15 34
16 77
18 24
19 99
20 85
22 38
24 42
25 36
27 66
29 36
30 79
31 98
33 61
34 82
37 83
38 44
39 77
40 77
42 44
43 77
45 83
46 63
49 86
1 55
2 24
3 48
4 93
5 84
6 89
7 80
11 93
12 84
13 55
14 17
15 96
16 37
17 83
18 51
20 26
21 79
22 47
23 100
24 75
26 29
28 38
29 85
30 48
32 92
34 70
35 84
38 63
39 64
42 56
43 51
44 75
46 98
47 63
1 82
2 83
3 79
4 80
5 83
6 53
7 55
8 63
9 61
10 92
11 99
12 60
13 67
14 90
15 83
16 36
17 73
18 40
19 98
20 88
23 60
25 62
26 86
27 86
28 60
29 49
30 92
31 60
32 82
33 74
34 90
35 61
37 43
39 70
40 55
42 69
44 73
45 58
46 97
47 61
48 83
49 88
1 58
2 22
3 43
4 69
5 33
6 53
7 83
8 18
9 90
10 94
11 66
12 81
14 47
16 94
17 60
19 36
20 75
21 84
22 91
23 81
25 57
27 61
29 66
30 95
31 92
32 75
33 68
35 95
36 100
37 38
43 60
46 66
48 93
1 7
2 67
3 67
4 49
5 99
6 70
8 56
9 82
11 73
12 29
13 53
14 47
15 96
16 86
17 42
18 96
19 76
20 22
21 65
22 55
23 44
24 99
27 84
28 32
29 92
32 99
33 46
34 81
35 47
36 45
37 50
39 52
40 83
41 64
45 71
47 54
48 64
49 54
1 29
2 86
3 18
4 35
5 81
6 68
7 48
9 52
10 31
11 93
12 79
13 45
14 43
15 25
16 77
17 89
18 21
19 78
20 44
21 72
22 61
24 96
25 71
28 29
29 76
30 34
31 82
32 56
34 99
35 90
36 51
37 67
38 90
39 52
40 70
41 72
42 96
43 100
44 69
48 78
49 96
1 23
2 22
3 68
4 83
5 81
6 15
9 85
10 34
11 31
12 19
13 67
14 86
15 37
16 66
17 28
18 40
19 84
21 91
22 53
23 88
24 38
25 52
26 56
27 75
29 53
32 75
33 77
34 42
36 57
38 65
40 93
41 50
43 63
45 79
46 52
49 91
1 17
2 74
3 33
4 21
5 14
6 70
7 24
8 69
9 44
10 51
11 73
12 99
13 26
14 47
15 76
16 19
18 84
19 79
20 24
21 95
22 24
23 73
24 88
25 86
26 41
27 67
28 37
29 74
32 90
33 50
34 59
35 62
36 63
37 80
38 86
40 75
42 56
43 74
46 49
47 84
48 61
1 62
2 84
3 79
4 85
5 8
6 66
7 23
8 49
9 84
10 11
11 22
12 60
13 38
14 64
16 48
17 25
18 71
19 80
21 53
22 54
23 98
25 27
26 62
27 62
29 45
30 74
32 59
33 57
34 89
35 95
37 54
39 64
40 90
43 49
46 57
48 77
1 95
2 87
3 31
4 49
5 36
6 39
7 75
8 97
9 52
10 54
11 94
12 25
13 64
14 52
15 33
16 52
17 46
18 48
19 57
20 63
21 64
22 46
23 42
25 46
26 58
31 80
38 46
39 99
40 52
41 99
42 92
43 76
44 62
45 95
47 65
1 22
2 54
3 70
4 19
5 47
6 70
7 65
9 22
10 18
11 81
12 51
13 98
14 52
15 17
16 60
17 71
18 19
21 69
22 63
25 90
26 28
28 49
29 93
30 97
31 55
32 66
33 51
34 77
35 84
36 97
37 46
38 100
39 53
42 85
44 67
1 37
2 21
3 76
4 51
5 87
6 87
7 92
8 15
9 44
10 40
11 59
12 41
13 46
14 24
15 43
16 22
17 59
18 91
19 20
21 95
22 91
23 28
24 79
26 94
29 71
30 71
32 59
33 44
34 84
35 61
38 52
39 96
41 43
43 58
44 88
46 52
47 62
1 33
2 50
3 37
4 23
5 29
6 68
7 86
8 74
9 33
10 86
11 44
13 46
14 54
15 47
16 82
18 28
20 65
21 24
24 81
25 31
26 46
27 62
28 82
32 91
38 98
39 55
40 64
42 98
44 81
46 65
47 62
1 17
2 80
3 20
4 90
5 38
6 100
7 20
8 83
9 61
10 53
11 42
12 13
13 77
14 32
16 41
17 97
18 95
19 24
20 46
21 49
22 87
23 81
24 98
27 100
29 75
30 67
32 44
33 98
34 37
39 70
40 49
41 56
43 62
44 84
45 94
46 75
48 90
1 99
2 36
3 22
4 86
5 16
6 72
7 43
8 81
9 71
10 16
12 90
13 34
14 51
15 87
16 22
17 35
18 22
19 58
20 38
21 91
23 93
24 53
26 77
27 46
28 94
29 52
30 36
31 67
32 51
34 89
35 88
36 90
37 60
39 71
40 82
41 97
42 78
43 71
48 62
1 61
2 99
3 73
4 19
5 43
6 77
7 38
8 19
9 74
10 84
11 23
14 25
15 83
16 42
18 73
20 93
21 43
22 35
23 89
25 57
26 71
27 99
28 66
29 74
30 60
31 48
32 86
34 72
35 57
36 52
37 100
38 46
40 74
41 81
42 97
44 83
49 89
1 77
2 76
3 31
4 63
5 64
6 50
7 19
8 86
9 48
10 37
12 59
13 36
14 97
15 20
17 53
18 71
19 59
20 50
21 45
22 32
23 31
24 41
25 66
27 61
28 82
29 88
30 44
31 70
32 64
34 52
37 53
38 97
40 100
41 85
42 83
45 79
47 79
48 83
49 51
